1 baseline 1000 10 1.65788397789
1 list 1000 10 1.76658239365
1 put 1000 10 2.16625041962
1 get 1000 10 4.93044900894
1 flag 1000 10 3.89305019379
1 delete 1000 10 2.97089977264
2 baseline 1000 10 1.60334076881
2 list 1000 10 2.71356620789
2 put 1000 10 3.23587818146
2 get 1000 10 3.38332500458
2 flag 1000 10 3.25708303452
2 delete 1000 10 3.03945021629
4 baseline 1000 10 2.60279417038
4 list 1000 10 2.11859984398
4 put 1000 10 2.2915845871
4 get 1000 10 3.48964958191
4 flag 1000 10 3.69795999527
4 delete 1000 10 3.31933698654
8 baseline 1000 10 2.12685017586
8 list 1000 10 2.35639958382
8 put 1000 10 2.58642120361
8 get 1000 10 3.74429321289
8 flag 1000 10 3.53779459
8 delete 1000 10 3.292395401
