1 baseline 1000 10 1.70170302391
1 list 1000 10 1.86631264687
1 put 1000 10 2.04504818916
1 get 1000 10 5.2823679924
1 flag 1000 10 3.88802418709
1 delete 1000 10 3.07739658356
2 baseline 1000 10 1.69806017876
2 list 1000 10 3.11238617897
2 put 1000 10 2.83830742836
2 get 1000 10 3.40557880402
2 flag 1000 10 3.2692761898
2 delete 1000 10 3.34825959206
4 baseline 1000 10 2.49910435677
4 list 1000 10 2.48401441574
4 put 1000 10 2.3237077713
4 get 1000 10 3.88459482193
4 flag 1000 10 3.63829479218
4 delete 1000 10 3.17096538544
8 baseline 1000 10 2.12282576561
8 list 1000 10 2.49229278564
8 put 1000 10 2.69512839317
8 get 1000 10 3.47697739601
8 flag 1000 10 3.35881881714
8 delete 1000 10 3.29797801971
